1 2 3 4 5 6 7 8
7 8 9 10 11 12 13 14
4 5 6 7 8 9 10 11
2 3 4 5 6 7 8 9
2 3 4 5 6 7 8 9
3 4 5 6 7 8 9 10
4 5 6 7 8 9 10 11
4 5 6 7 8 9 10 11
5 6 7 8 9 10 11 12
8 9 10 11 12 13 14 15
5 6 7 8 9 10 11 12
1 2 3 4 5 6 7 8
8 9 10 11 12 13 14 15
1 2 3 4 5 6 7 8
7 8 9 10 11 12 13 14
4 5 6 7 8 9 10 11
4 5 6 7 8 9 10 11
1 2 3 4 5 6 7 8
6 7 8 9 10 11 12 13
3 4 5 6 7 8 9 10
6 7 8 9 10 11 12 13
4 5 6 7 8 9 10 11
10 11 12 13 14 15 16 17
10 11 12 13 14 15 16 17
3 4 5 6 7 8 9 10
3 4 5 6 7 8 9 10
1 2 3 4 5 6 7 8
7 8 9 10 11 12 13 14
5 6 7 8 9 10 11 12
3 4 5 6 7 8 9 10
5 6 7 8 9 10 11 12
4 5 6 7 8 9 10 11
5 6 7 8 9 10 11 12
10 11 12 13 14 15 16 17
3 4 5 6 7 8 9 10
6 7 8 9 10 11 12 13
5 6 7 8 9 10 11 12
5 6 7 8 9 10 11 12
6 7 8 9 10 11 12 13
3 4 5 6 7 8 9 10
2 3 4 5 6 7 8 9
3 4 5 6 7 8 9 10
5 6 7 8 9 10 11 12
2 3 4 5 6 7 8 9
1 2 3 4 5 6 7 8
2 3 4 5 6 7 8 9
4 5 6 7 8 9 10 11
5 6 7 8 9 10 11 12
5 6 7 8 9 10 11 12
6 7 8 9 10 11 12 13
4 5 6 7 8 9 10 11
1 2 3 4 5 6 7 8
8 9 10 11 12 13 14 15
1 2 3 4 5 6 7 8
5 6 7 8 9 10 11 12
1 2 3 4 5 6 7 8
8 9 10 11 12 13 14 15
4 5 6 7 8 9 10 11
5 6 7 8 9 10 11 12
6 7 8 9 10 11 12 13
8 9 10 11 12 13 14 15
7 8 9 10 11 12 13 14
1 2 3 4 5 6 7 8
1 2 3 4 5 6 7 8
8 9 10 11 12 13 14 15
1 2 3 4 5 6 7 8
3 4 5 6 7 8 9 10
2 3 4 5 6 7 8 9
4 5 6 7 8 9 10 11
6 7 8 9 10 11 12 13
9 10 11 12 13 14 15 16
6 7 8 9 10 11 12 13
4 5 6 7 8 9 10 11
1 2 3 4 5 6 7 8
8 9 10 11 12 13 14 15
4 5 6 7 8 9 10 11
6 7 8 9 10 11 12 13
4 5 6 7 8 9 10 11
2 3 4 5 6 7 8 9
7 8 9 10 11 12 13 14
1 2 3 4 5 6 7 8
5 6 7 8 9 10 11 12
7 8 9 10 11 12 13 14
4 5 6 7 8 9 10 11
2 3 4 5 6 7 8 9
4 5 6 7 8 9 10 11
4 5 6 7 8 9 10 11
4 5 6 7 8 9 10 11
5 6 7 8 9 10 11 12
8 9 10 11 12 13 14 15
8 9 10 11 12 13 14 15
10 11 12 13 14 15 16 17
7 8 9 10 11 12 13 14
9 10 11 12 13 14 15 16
6 7 8 9 10 11 12 13
5 6 7 8 9 10 11 12
9 10 11 12 13 14 15 16
9 10 11 12 13 14 15 16
3 4 5 6 7 8 9 10
5 6 7 8 9 10 11 12
